[[[0.00000000e+00 5.03239498e-05 0.00000000e+00]
  [0.00000000e+00 7.64801298e-05 0.00000000e+00]
  [0.00000000e+00 9.19323647e-05 0.00000000e+00]
  [0.00000000e+00 9.58300589e-05 0.00000000e+00]
  [0.00000000e+00 9.91971756e-05 0.00000000e+00]
  [0.00000000e+00 1.29605934e-04 0.00000000e+00]
  [0.00000000e+00 1.46220729e-04 0.00000000e+00]
  [0.00000000e+00 2.21106427e-04 0.00000000e+00]
  [0.00000000e+00 2.87413277e-04 0.00000000e+00]
  [0.00000000e+00 3.18085396e-04 0.00000000e+00]
  [0.00000000e+00 3.42095329e-04 0.00000000e+00]
  [0.00000000e+00 4.02795675e-04 0.00000000e+00]
  [0.00000000e+00 6.08497811e-03 0.00000000e+00]
  [1.06845107e-02 1.07195107e-02 1.00000000e+00]
  [8.53620097e-03 1.22365402e-02 1.00000000e+00]
  [7.72508653e-03 1.71610732e-02 1.00000000e+00]
  [3.35571333e-03 3.46484268e-03 1.00000000e+00]
  [3.29677039e-03 3.54744028e-03 1.00000000e+00]
  [1.95684610e-03 1.97633472e-03 1.00000000e+00]
  [1.88349083e-03 2.04973994e-03 1.00000000e+00]
  [1.84124359e-03 1.87216303e-03 1.00000000e+00]
  [1.41763187e-03 1.49448437e-03 1.00000000e+00]
  [1.16201758e-03 1.23295467e-03 1.00000000e+00]
  [8.22401664e-04 9.03410430e-04 1.00000000e+00]
  [8.06548691e-04 1.28808396e-03 1.00000000e+00]
  [8.00446025e-04 1.30842009e-03 1.00000000e+00]
  [7.72248430e-04 8.19244946e-04 1.00000000e+00]
  [7.51566142e-04 1.70481717e-03 1.00000000e+00]
  [7.23132980e-04 8.72576376e-04 1.00000000e+00]
  [6.71992952e-04 1.32607692e-03 1.00000000e+00]
  [6.70495210e-04 1.52280496e-03 1.00000000e+00]
  [6.25174900e-04 8.29342694e-04 1.00000000e+00]
  [6.14422665e-04 7.37872440e-04 1.00000000e+00]
  [6.02873915e-04 1.89451512e-03 1.00000000e+00]
  [5.66411123e-04 1.27786060e-03 1.00000000e+00]
  [5.04923228e-04 9.54834861e-04 1.00000000e+00]
  [4.90828999e-04 5.86289389e-04 1.00000000e+00]
  [4.89785278e-04 2.29021325e-03 1.00000000e+00]
  [4.74580767e-04 5.31445141e-04 1.00000000e+00]
  [4.48056875e-04 4.52478620e-04 1.00000000e+00]
  [3.90985428e-04 5.88402851e-04 1.00000000e+00]
  [3.85787222e-04 4.52592038e-04 1.00000000e+00]
  [3.78314231e-04 5.88425668e-04 1.00000000e+00]
  [3.77487624e-04 4.16022609e-04 1.00000000e+00]
  [3.56914359e-04 4.35863214e-04 1.00000000e+00]
  [3.52157076e-04 3.56561650e-04 1.00000000e+00]
  [3.35924182e-04 3.52567848e-04 1.00000000e+00]
  [3.35138553e-04 3.63510451e-04 1.00000000e+00]
  [3.28549446e-04 3.87428794e-04 1.00000000e+00]
  [3.21045081e-04 3.48423200e-04 1.00000000e+00]
  [3.13259050e-04 4.46434191e-04 1.00000000e+00]
  [3.11261188e-04 6.42141851e-04 1.00000000e+00]
  [3.06087080e-04 3.43286287e-04 1.00000000e+00]
  [3.02042812e-04 4.47084109e-04 1.00000000e+00]
  [2.96902435e-04 3.33100004e-04 1.00000000e+00]
  [2.89546209e-04 3.37347446e-04 1.00000000e+00]
  [2.86949828e-04 3.68040346e-04 1.00000000e+00]
  [2.84814567e-04 4.98392445e-04 1.00000000e+00]
  [2.78246735e-04 3.62112565e-04 1.00000000e+00]
  [2.74161372e-04 4.07984509e-04 1.00000000e+00]
  [2.71635712e-04 3.62324849e-04 1.00000000e+00]
  [2.60828732e-04 2.46542180e-03 1.00000000e+00]
  [2.60788511e-04 2.61763576e-04 1.00000000e+00]
  [2.57005624e-04 3.03333392e-04 1.00000000e+00]
  [2.56618194e-04 2.98658415e-04 1.00000000e+00]
  [2.53055332e-04 3.87435924e-04 1.00000000e+00]
  [2.52252124e-04 3.17928701e-04 1.00000000e+00]
  [2.51314777e-04 3.18605162e-04 1.00000000e+00]
  [2.49278150e-04 2.63563823e-04 1.00000000e+00]
  [2.48090975e-04 2.73392216e-04 1.00000000e+00]
  [2.46247364e-04 3.24033957e-04 1.00000000e+00]
  [2.43550094e-04 3.53386480e-04 1.00000000e+00]
  [2.42300332e-04 3.63293308e-04 1.00000000e+00]
  [2.37743428e-04 4.70543775e-04 1.00000000e+00]
  [2.37009386e-04 3.77657067e-04 1.00000000e+00]
  [2.29441925e-04 4.55150090e-04 1.00000000e+00]
  [2.27148630e-04 2.34902953e-04 1.00000000e+00]
  [2.26569551e-04 3.55123921e-04 1.00000000e+00]
  [2.22653805e-04 2.59598048e-04 1.00000000e+00]
  [2.19236492e-04 4.30572691e-04 1.00000000e+00]
  [2.15276130e-04 2.30817677e-04 1.00000000e+00]
  [2.13209220e-04 2.74648803e-04 1.00000000e+00]
  [2.12902916e-04 2.82059278e-04 1.00000000e+00]
  [2.10541228e-04 2.90911994e-04 1.00000000e+00]
  [2.03194926e-04 2.56933185e-04 1.00000000e+00]
  [2.02721931e-04 2.03038566e-04 1.00000000e+00]
  [1.99516260e-04 2.83224450e-04 1.00000000e+00]
  [1.95619679e-04 2.59770750e-04 1.00000000e+00]
  [1.95067187e-04 2.12284736e-04 1.00000000e+00]
  [1.94093998e-04 2.24269927e-04 1.00000000e+00]
  [1.92707681e-04 3.30893352e-04 1.00000000e+00]
  [1.91516083e-04 4.03137616e-04 1.00000000e+00]
  [1.89162602e-04 5.09403821e-04 1.00000000e+00]
  [1.88991908e-04 2.05054355e-04 1.00000000e+00]
  [1.87715748e-04 2.04243697e-04 1.00000000e+00]
  [1.84222721e-04 4.45694110e-04 1.00000000e+00]
  [1.80853371e-04 2.03046919e-04 1.00000000e+00]
  [1.74924920e-04 1.78384886e-04 1.00000000e+00]
  [1.72647211e-04 3.92479618e-04 1.00000000e+00]
  [1.70668369e-04 2.52279307e-04 1.00000000e+00]
  [1.65115358e-04 3.19388579e-04 1.00000000e+00]
  [1.63126853e-04 2.85377289e-04 1.00000000e+00]
  [1.59607327e-04 3.60558712e-04 1.00000000e+00]
  [1.53134228e-04 2.05001314e-04 1.00000000e+00]
  [1.49696352e-04 1.11126737e-03 1.00000000e+00]
  [1.48221254e-04 2.63467751e-04 1.00000000e+00]
  [1.44277859e-04 2.39416171e-04 1.00000000e+00]
  [1.39321972e-04 2.78454390e-04 1.00000000e+00]
  [1.33909853e-04 4.24434053e-04 1.00000000e+00]
  [1.29859807e-04 1.82867851e-04 1.00000000e+00]
  [1.23823265e-04 1.35396782e-04 1.00000000e+00]
  [1.23235746e-04 5.46473486e-04 1.00000000e+00]
  [1.20906989e-04 1.35605675e-04 1.00000000e+00]
  [1.19061835e-04 1.90172577e-04 1.00000000e+00]
  [1.18344287e-04 1.30100001e-04 1.00000000e+00]
  [1.06821019e-04 1.61799879e-04 1.00000000e+00]
  [9.81999983e-05 2.84260052e-04 1.00000000e+00]
  [9.70385518e-05 4.18072304e-04 1.00000000e+00]
  [9.36432043e-05 4.20887169e-04 1.00000000e+00]
  [9.33300034e-05 1.68603947e-04 1.00000000e+00]
  [8.42639274e-05 1.04694460e-04 1.00000000e+00]
  [8.35490864e-05 4.44635021e-04 1.00000000e+00]
  [7.93499858e-05 2.30875055e-04 1.00000000e+00]
  [5.75006088e-05 1.63469420e-04 1.00000000e+00]
  [0.00000000e+00 2.02028863e-02 1.00000000e+00]
  [0.00000000e+00 2.71960581e-03 1.00000000e+00]
  [0.00000000e+00 2.96623068e-04 1.00000000e+00]
  [0.00000000e+00 5.88960072e-04 1.00000000e+00]
  [0.00000000e+00 1.02427427e-03 1.00000000e+00]
  [0.00000000e+00 7.21870223e-04 1.00000000e+00]
  [0.00000000e+00 8.08588404e-04 1.00000000e+00]
  [0.00000000e+00 4.60043753e-04 1.00000000e+00]
  [0.00000000e+00 6.03842898e-04 1.00000000e+00]
  [0.00000000e+00 4.15881630e-04 1.00000000e+00]
  [0.00000000e+00 6.48223190e-03 1.00000000e+00]
  [0.00000000e+00 3.32805049e-03 1.00000000e+00]
  [0.00000000e+00 1.58619171e-03 1.00000000e+00]
  [0.00000000e+00 1.25079229e-03 1.00000000e+00]]]
The end of creat persistent diagram
Ошибка, количество объектов 
13 14
porog 5.032388898594771e-05
start draw_lines
start draw_lines
Объекты 2 входит в объект 1
Объекты 3 входит в объект 1
Объекты 4 входит в объект 1
Объекты 5 входит в объект 1
Объекты 6 входит в объект 1
Объекты 7 входит в объект 1
Объекты 8 входит в объект 1
Объекты 9 входит в объект 1
Объекты 10 входит в объект 1
Объекты 11 входит в объект 1
Объекты 12 входит в объект 1
Объекты 13 входит в объект 1
Объекты 14 входит в объект 1
Объекты 4 и 11 пересекаются
Объекты 6 и 11 пересекаются
Объекты 7 входит в объект 11
Объекты 8 входит в объект 11
Объекты 9 и 11 пересекаются
Объекты 10 и 11 пересекаются
Объекты 10 и 12 пересекаются
Объекты 12 входит в объект 11
Объекты 13 входит в объект 11
Объекты 14 входит в объект 11