[[[0.00000000e+00 7.87911646e-04 0.00000000e+00]
  [0.00000000e+00 1.10435591e-03 0.00000000e+00]
  [0.00000000e+00 1.12363801e-03 0.00000000e+00]
  [0.00000000e+00 1.12363801e-03 0.00000000e+00]
  [0.00000000e+00 1.12641801e-03 0.00000000e+00]
  [0.00000000e+00 1.19205413e-03 0.00000000e+00]
  [0.00000000e+00 1.25005946e-03 0.00000000e+00]
  [0.00000000e+00 1.30250771e-03 0.00000000e+00]
  [0.00000000e+00 1.30250782e-03 0.00000000e+00]
  [0.00000000e+00 1.31594634e-03 0.00000000e+00]
  [0.00000000e+00 1.41322729e-03 0.00000000e+00]
  [0.00000000e+00 1.43753283e-03 0.00000000e+00]
  [0.00000000e+00 1.43841445e-03 0.00000000e+00]
  [0.00000000e+00 1.44002272e-03 0.00000000e+00]
  [0.00000000e+00 1.44005718e-03 0.00000000e+00]
  [0.00000000e+00 1.44005718e-03 0.00000000e+00]
  [0.00000000e+00 1.44005718e-03 0.00000000e+00]
  [0.00000000e+00 1.46759581e-03 0.00000000e+00]
  [0.00000000e+00 1.47302356e-03 0.00000000e+00]
  [0.00000000e+00 1.55866495e-03 0.00000000e+00]
  [0.00000000e+00 1.56722928e-03 0.00000000e+00]
  [0.00000000e+00 1.57080172e-03 0.00000000e+00]
  [0.00000000e+00 1.57080172e-03 0.00000000e+00]
  [0.00000000e+00 1.57582329e-03 0.00000000e+00]
  [0.00000000e+00 1.58221438e-03 0.00000000e+00]
  [0.00000000e+00 1.58404629e-03 0.00000000e+00]
  [0.00000000e+00 1.62005611e-03 0.00000000e+00]
  [0.00000000e+00 1.64348737e-03 0.00000000e+00]
  [0.00000000e+00 1.64348737e-03 0.00000000e+00]
  [0.00000000e+00 1.67475466e-03 0.00000000e+00]
  [0.00000000e+00 1.72794855e-03 0.00000000e+00]
  [0.00000000e+00 1.72891945e-03 0.00000000e+00]
  [0.00000000e+00 1.73623336e-03 0.00000000e+00]
  [0.00000000e+00 1.74547441e-03 0.00000000e+00]
  [0.00000000e+00 1.74554531e-03 0.00000000e+00]
  [0.00000000e+00 1.79005589e-03 0.00000000e+00]
  [0.00000000e+00 1.80324749e-03 0.00000000e+00]
  [0.00000000e+00 1.87302276e-03 0.00000000e+00]
  [0.00000000e+00 1.87806180e-03 0.00000000e+00]
  [0.00000000e+00 1.88820343e-03 0.00000000e+00]
  [0.00000000e+00 1.91348931e-03 0.00000000e+00]
  [0.00000000e+00 1.91377639e-03 0.00000000e+00]
  [0.00000000e+00 2.00733263e-03 0.00000000e+00]
  [0.00000000e+00 2.04071542e-03 0.00000000e+00]
  [0.00000000e+00 2.11148453e-03 0.00000000e+00]
  [0.00000000e+00 2.16012611e-03 0.00000000e+00]
  [0.00000000e+00 2.26877211e-03 0.00000000e+00]  0.002304193075056109
  [0.00000000e+00 2.30419310e-03 0.00000000e+00]
  [0.00000000e+00 2.35574017e-03 0.00000000e+00]
  [0.00000000e+00 2.40483531e-03 0.00000000e+00]
  [0.00000000e+00 2.42169062e-03 0.00000000e+00]
  [0.00000000e+00 2.47783563e-03 0.00000000e+00]
  [0.00000000e+00 2.49119941e-03 0.00000000e+00]
  [0.00000000e+00 2.50457879e-03 0.00000000e+00]
  [0.00000000e+00 2.51105893e-03 0.00000000e+00]
  [0.00000000e+00 2.52103573e-03 0.00000000e+00]
  [0.00000000e+00 2.53668125e-03 0.00000000e+00]
  [0.00000000e+00 2.56637111e-03 0.00000000e+00]
  [0.00000000e+00 2.56709219e-03 0.00000000e+00]
  [0.00000000e+00 2.60501564e-03 0.00000000e+00]
  [0.00000000e+00 2.61431630e-03 0.00000000e+00]
  [0.00000000e+00 2.65934668e-03 0.00000000e+00]
  [0.00000000e+00 2.68968171e-03 0.00000000e+00]
  [0.00000000e+00 2.70423829e-03 0.00000000e+00]
  [0.00000000e+00 2.96145980e-03 0.00000000e+00]
  [0.00000000e+00 3.06381378e-03 0.00000000e+00]
  [0.00000000e+00 3.07236449e-03 0.00000000e+00]
  [0.00000000e+00 3.12139932e-03 0.00000000e+00]
  [0.00000000e+00 3.15070990e-03 0.00000000e+00]
  [0.00000000e+00 3.19571560e-03 0.00000000e+00]
  [0.00000000e+00 3.22855776e-03 0.00000000e+00]
  [0.00000000e+00 3.24788573e-03 0.00000000e+00]
  [0.00000000e+00 3.44481436e-03 0.00000000e+00]
  [0.00000000e+00 3.52007640e-03 0.00000000e+00]
  [0.00000000e+00 3.52007640e-03 0.00000000e+00]
  [0.00000000e+00 3.65420780e-03 0.00000000e+00]
  [0.00000000e+00 3.76630691e-03 0.00000000e+00]
  [0.00000000e+00 4.41846717e-03 0.00000000e+00]
  [0.00000000e+00 4.51450935e-03 0.00000000e+00]
  [0.00000000e+00 4.80284262e-03 0.00000000e+00]
  [0.00000000e+00 4.85816179e-03 0.00000000e+00]
  [0.00000000e+00 4.88186954e-03 0.00000000e+00]
  [0.00000000e+00 5.13814576e-03 0.00000000e+00]
  [0.00000000e+00 5.43010468e-03 0.00000000e+00]
  [0.00000000e+00 5.51714096e-03 0.00000000e+00]
  [0.00000000e+00 5.65994671e-03 0.00000000e+00]
  [0.00000000e+00 6.44004904e-03 0.00000000e+00]
  [0.00000000e+00 8.69008992e-03 0.00000000e+00]
  [0.00000000e+00 8.89890548e-03 0.00000000e+00]
  [0.00000000e+00 9.17521026e-03 0.00000000e+00]
  [0.00000000e+00 9.36180539e-03 0.00000000e+00]
  [0.00000000e+00 9.70040355e-03 0.00000000e+00]
  [0.00000000e+00 1.11821946e-02 0.00000000e+00]
  [0.00000000e+00 1.31636355e-02 0.00000000e+00]
  [0.00000000e+00 1.32639054e-02 0.00000000e+00]
  [0.00000000e+00 1.36225866e-02 0.00000000e+00]
  [2.37040352e-02 2.39103455e-02 1.00000000e+00]
  [1.65584963e-02 1.73725840e-02 1.00000000e+00]
  [1.46273961e-02 1.77759100e-02 1.00000000e+00]
  [1.40283816e-02 1.79206301e-02 1.00000000e+00]
  [1.08192777e-02 1.12006385e-02 1.00000000e+00]
  [7.05257244e-03 8.15252215e-03 1.00000000e+00]
  [6.41325209e-03 7.02270027e-03 1.00000000e+00]
  [5.75324520e-03 5.93491225e-03 1.00000000e+00]
  [3.90513171e-03 4.57365811e-03 1.00000000e+00]
  [3.83478357e-03 4.16254858e-03 1.00000000e+00]
  [3.51520651e-03 3.59673495e-03 1.00000000e+00]
  [3.51007609e-03 3.87074193e-03 1.00000000e+00]
  [3.50006064e-03 3.51413200e-03 1.00000000e+00]
  [3.43360961e-03 3.70708900e-03 1.00000000e+00]
  [3.31461476e-03 3.93327139e-03 1.00000000e+00]
  [3.24018905e-03 3.57101485e-03 1.00000000e+00]
  [3.23714106e-03 3.58413742e-03 1.00000000e+00]
  [3.13853147e-03 3.22445109e-03 1.00000000e+00]
  [3.00788693e-03 3.83006711e-03 1.00000000e+00]
  [2.97479169e-03 3.20120552e-03 1.00000000e+00]
  [2.87569524e-03 3.28704645e-03 1.00000000e+00]
  [2.86444440e-03 3.19571560e-03 1.00000000e+00]
  [2.55711959e-03 2.85813562e-03 1.00000000e+00]]]
The end of creat persistent diagram
96 49
porog 0.002304193075056109
start draw_lines
start draw_lines
Объекты не зависят друг от друга