[[[0.00000000e+00 5.09801939e-05 0.00000000e+00]
  [0.00000000e+00 5.45792100e-05 0.00000000e+00]
  [0.00000000e+00 6.57124037e-05 0.00000000e+00]
  [0.00000000e+00 6.59460420e-05 0.00000000e+00]
  [0.00000000e+00 6.78490251e-05 0.00000000e+00]
  [0.00000000e+00 6.96367715e-05 0.00000000e+00]
  [0.00000000e+00 7.94499210e-05 0.00000000e+00]
  [0.00000000e+00 8.68965508e-05 0.00000000e+00]
  [0.00000000e+00 8.91767922e-05 0.00000000e+00]
  [0.00000000e+00 1.00748897e-04 0.00000000e+00]
  [0.00000000e+00 1.06641921e-04 0.00000000e+00]
  [0.00000000e+00 1.12039859e-04 0.00000000e+00]
  [0.00000000e+00 1.29844368e-04 0.00000000e+00]
  [0.00000000e+00 1.48328458e-04 0.00000000e+00]
  [0.00000000e+00 1.62464668e-04 0.00000000e+00]
  [0.00000000e+00 1.63849749e-04 0.00000000e+00]
  [0.00000000e+00 1.69606661e-04 0.00000000e+00]
  [0.00000000e+00 1.79558687e-04 0.00000000e+00]
  [0.00000000e+00 1.80758623e-04 0.00000000e+00]
  [0.00000000e+00 1.87147481e-04 0.00000000e+00]
  [0.00000000e+00 2.02352225e-04 0.00000000e+00]
  [0.00000000e+00 2.03571341e-04 0.00000000e+00]
  [0.00000000e+00 2.06099125e-04 0.00000000e+00]
  [0.00000000e+00 2.12317173e-04 0.00000000e+00]
  [0.00000000e+00 2.19995563e-04 0.00000000e+00]
  [0.00000000e+00 2.39749905e-04 0.00000000e+00]
  [0.00000000e+00 2.43238013e-04 0.00000000e+00]
  [0.00000000e+00 2.62728630e-04 0.00000000e+00]
  [0.00000000e+00 2.75710365e-04 0.00000000e+00]
  [0.00000000e+00 2.84848618e-04 0.00000000e+00]
  [0.00000000e+00 3.36371508e-04 0.00000000e+00]
  [0.00000000e+00 3.43192718e-04 0.00000000e+00]
  [0.00000000e+00 4.90614097e-04 0.00000000e+00]
  [0.00000000e+00 5.94736252e-04 0.00000000e+00]
  [0.00000000e+00 6.10947260e-04 0.00000000e+00]
  [0.00000000e+00 6.91349909e-04 0.00000000e+00]
  [0.00000000e+00 7.47975253e-04 0.00000000e+00]
  [0.00000000e+00 7.80661474e-04 0.00000000e+00]
  [0.00000000e+00 7.94430438e-04 0.00000000e+00]
  [0.00000000e+00 8.15471751e-04 0.00000000e+00]
  [0.00000000e+00 8.67937400e-04 0.00000000e+00]
  [0.00000000e+00 8.87981441e-04 0.00000000e+00]
  [0.00000000e+00 9.12301766e-04 0.00000000e+00]
  [0.00000000e+00 9.55931027e-04 0.00000000e+00]
  [0.00000000e+00 1.17775647e-03 0.00000000e+00]
  [3.89811606e-03 4.14996827e-03 1.00000000e+00]
  [3.68735543e-03 3.81618319e-03 1.00000000e+00]
  [3.18941590e-03 3.57257831e-03 1.00000000e+00]
  [2.84146448e-03 3.04964813e-03 1.00000000e+00]
  [2.47925380e-03 4.49518906e-03 1.00000000e+00]
  [2.38611037e-03 2.76826438e-03 1.00000000e+00]
  [2.27832329e-03 2.39931862e-03 1.00000000e+00]
  [1.39896607e-03 2.74831965e-03 1.00000000e+00]
  [1.36862532e-03 2.04994599e-03 1.00000000e+00]
  [1.33147929e-03 4.09873994e-03 1.00000000e+00]
  [1.28521607e-03 1.35305128e-03 1.00000000e+00]
  [1.26004859e-03 3.48712504e-03 1.00000000e+00]
  [1.21482450e-03 1.54242606e-03 1.00000000e+00]
  [1.02227891e-03 1.80134655e-03 1.00000000e+00]
  [1.02174981e-03 1.56769587e-03 1.00000000e+00]
  [9.99499578e-04 1.15003344e-03 1.00000000e+00]
  [9.69558372e-04 1.17346121e-03 1.00000000e+00]
  [9.58460791e-04 1.02304330e-03 1.00000000e+00]
  [9.39044519e-04 9.39160178e-04 1.00000000e+00]
  [9.38829966e-04 9.39191610e-04 1.00000000e+00]
  [8.92779615e-04 1.05869328e-03 1.00000000e+00]
  [8.23289622e-04 1.02529419e-03 1.00000000e+00]
  [7.91788043e-04 8.71320313e-04 1.00000000e+00]
  [7.18727882e-04 7.72089639e-04 1.00000000e+00]
  [7.05953105e-04 7.06357183e-04 1.00000000e+00]
  [6.97985117e-04 7.76266563e-04 1.00000000e+00]
  [6.74029929e-04 7.06349616e-04 1.00000000e+00]
  [6.06769463e-04 6.68089488e-04 1.00000000e+00]
  [5.77240426e-04 5.78470645e-04 1.00000000e+00]
  [5.71873388e-04 6.29227667e-04 1.00000000e+00]
  [5.45646180e-04 5.97886683e-04 1.00000000e+00]
  [4.84358228e-04 6.67922315e-04 1.00000000e+00]
  [4.72150627e-04 5.12647792e-04 1.00000000e+00]
  [4.70423576e-04 5.05130156e-04 1.00000000e+00]
  [4.59859584e-04 7.63553311e-04 1.00000000e+00]
  [4.57219518e-04 5.32178499e-04 1.00000000e+00]
  [4.50562162e-04 9.46603541e-04 1.00000000e+00]
  [4.42765362e-04 5.26288874e-04 1.00000000e+00]
  [4.40816220e-04 5.04148018e-04 1.00000000e+00]
  [4.30387037e-04 4.63822420e-04 1.00000000e+00]
  [4.29968961e-04 1.26177398e-03 1.00000000e+00]
  [4.25868784e-04 4.29601030e-04 1.00000000e+00]
  [4.18538082e-04 4.65640012e-04 1.00000000e+00]
  [4.14522015e-04 4.76532674e-04 1.00000000e+00]
  [4.06800333e-04 6.99137745e-04 1.00000000e+00]
  [4.03000013e-04 4.87545331e-04 1.00000000e+00]
  [4.02845733e-04 4.74882487e-04 1.00000000e+00]
  [3.96511401e-04 4.33983834e-04 1.00000000e+00]
  [3.91598267e-04 4.19138407e-04 1.00000000e+00]
  [3.84694635e-04 3.88835848e-04 1.00000000e+00]
  [3.83832725e-04 4.72670683e-04 1.00000000e+00]
  [3.78878554e-04 5.82342385e-04 1.00000000e+00]
  [3.78723198e-04 4.15785616e-04 1.00000000e+00]
  [3.73581337e-04 3.74362746e-04 1.00000000e+00]
  [3.72606941e-04 3.92337330e-04 1.00000000e+00]
  [3.65916727e-04 3.86289234e-04 1.00000000e+00]
  [3.52872070e-04 4.45797778e-04 1.00000000e+00]
  [3.49307724e-04 3.85985099e-04 1.00000000e+00]
  [3.45541950e-04 3.47934547e-04 1.00000000e+00]
  [3.43842781e-04 4.37855080e-04 1.00000000e+00]
  [3.39576945e-04 3.90164030e-04 1.00000000e+00]
  [3.37734877e-04 3.42619198e-04 1.00000000e+00]
  [3.36415280e-04 5.07319986e-04 1.00000000e+00]
  [3.30896612e-04 3.71897622e-04 1.00000000e+00]
  [3.28004913e-04 4.42820077e-04 1.00000000e+00]
  [3.27967136e-04 4.23041376e-04 1.00000000e+00]
  [3.26997862e-04 4.39879310e-04 1.00000000e+00]
  [3.25669738e-04 3.66494933e-04 1.00000000e+00]
  [3.24716500e-04 4.22353041e-04 1.00000000e+00]
  [3.24541965e-04 3.90375877e-04 1.00000000e+00]
  [3.24459543e-04 5.30756603e-04 1.00000000e+00]
  [3.23139131e-04 3.42700514e-04 1.00000000e+00]
  [3.22607259e-04 3.63491068e-04 1.00000000e+00]
  [3.21774831e-04 3.56706121e-04 1.00000000e+00]
  [3.20820021e-04 3.68255482e-04 1.00000000e+00]
  [3.19983112e-04 3.20572290e-04 1.00000000e+00]
  [3.19820392e-04 3.76999378e-04 1.00000000e+00]
  [3.19741695e-04 3.23645363e-04 1.00000000e+00]
  [3.14947945e-04 3.96157091e-04 1.00000000e+00]
  [3.11106676e-04 8.10010475e-04 1.00000000e+00]
  [2.98377505e-04 3.97469295e-04 1.00000000e+00]
  [2.98262574e-04 4.62028635e-04 1.00000000e+00]
  [2.91071890e-04 4.85172350e-04 1.00000000e+00]
  [2.89736519e-04 2.36345036e-03 1.00000000e+00]
  [2.83538655e-04 3.52737377e-04 1.00000000e+00]
  [2.82738270e-04 2.87121598e-04 1.00000000e+00]
  [2.75995524e-04 4.21629287e-04 1.00000000e+00]
  [2.75559520e-04 3.06110975e-04 1.00000000e+00]
  [2.75510596e-04 3.70570371e-04 1.00000000e+00]
  [2.69947574e-04 4.69210441e-04 1.00000000e+00]
  [2.68314907e-04 3.41328938e-04 1.00000000e+00]
  [2.65499140e-04 4.26684157e-04 1.00000000e+00]
  [2.65425886e-04 3.58086807e-04 1.00000000e+00]
  [2.65349023e-04 1.75384677e-03 1.00000000e+00]
  [2.62401911e-04 4.39683965e-04 1.00000000e+00]
  [2.62008485e-04 2.73437734e-04 1.00000000e+00]
  [2.52151454e-04 3.87094420e-04 1.00000000e+00]
  [2.52112368e-04 4.47557570e-04 1.00000000e+00]
  [2.37348548e-04 2.45652191e-04 1.00000000e+00]
  [2.33923623e-04 3.49002046e-04 1.00000000e+00]
  [2.33256025e-04 6.33443939e-04 1.00000000e+00]
  [2.32645849e-04 4.35651804e-04 1.00000000e+00]
  [2.30087637e-04 3.71033908e-04 1.00000000e+00]
  [2.26411590e-04 2.65186740e-04 1.00000000e+00]
  [2.26034623e-04 2.64195405e-04 1.00000000e+00]
  [2.18850313e-04 2.25518830e-04 1.00000000e+00]
  [2.18727451e-04 3.62502469e-04 1.00000000e+00]
  [2.15418680e-04 6.45521446e-04 1.00000000e+00]
  [2.13168896e-04 4.48005216e-04 1.00000000e+00]
  [2.11249237e-04 4.21545585e-04 1.00000000e+00]
  [2.01769988e-04 8.85582762e-04 1.00000000e+00]
  [2.00262875e-04 6.41038234e-04 1.00000000e+00]
  [1.96774621e-04 3.98484030e-04 1.00000000e+00]
  [1.95539891e-04 7.91192520e-04 1.00000000e+00]
  [1.92436637e-04 6.04460540e-04 1.00000000e+00]
  [1.92174426e-04 5.51600824e-04 1.00000000e+00]
  [1.81279072e-04 4.52560722e-04 1.00000000e+00]
  [1.75940222e-04 4.42345103e-04 1.00000000e+00]
  [1.74406450e-04 2.09137201e-04 1.00000000e+00]
  [1.73167718e-04 7.97253102e-04 1.00000000e+00]
  [1.73026157e-04 4.89041850e-04 1.00000000e+00]
  [1.68662300e-04 3.97106749e-04 1.00000000e+00]
  [1.66825659e-04 2.92390934e-04 1.00000000e+00]
  [1.62860058e-04 3.45523906e-04 1.00000000e+00]
  [1.59153380e-04 2.67881493e-04 1.00000000e+00]
  [1.55887421e-04 5.45711839e-04 1.00000000e+00]
  [1.19549150e-04 4.83713986e-04 1.00000000e+00]
  [1.09775225e-04 5.77370869e-04 1.00000000e+00]
  [9.63822604e-05 5.26585674e-04 1.00000000e+00]
  [9.37157965e-05 6.32647891e-04 1.00000000e+00]
  [8.35711107e-05 4.28679952e-04 1.00000000e+00]
  [7.50892796e-05 5.27771015e-04 1.00000000e+00]
  [7.31021864e-05 4.88411053e-04 1.00000000e+00]
  [7.13000700e-05 3.02786735e-04 1.00000000e+00]
  [6.71167654e-05 1.16099996e-04 1.00000000e+00]
  [6.50699658e-05 5.55894861e-04 1.00000000e+00]
  [0.00000000e+00 8.60033557e-04 1.00000000e+00]
  [0.00000000e+00 3.74292285e-04 1.00000000e+00]
  [0.00000000e+00 7.70903716e-04 1.00000000e+00]
  [0.00000000e+00 3.74197843e-04 1.00000000e+00]
  [0.00000000e+00 5.56015875e-04 1.00000000e+00]
  [0.00000000e+00 6.06073125e-04 1.00000000e+00]
  [0.00000000e+00 2.63400696e-04 1.00000000e+00]
  [0.00000000e+00 5.79473388e-04 1.00000000e+00]
  [0.00000000e+00 1.03626761e-03 1.00000000e+00]
  [0.00000000e+00 7.70921994e-04 1.00000000e+00]
  [0.00000000e+00 5.05041855e-04 1.00000000e+00]
  [0.00000000e+00 3.59169819e-04 1.00000000e+00]
  [0.00000000e+00 6.01700216e-04 1.00000000e+00]
  [0.00000000e+00 5.87530783e-04 1.00000000e+00]
  [0.00000000e+00 4.14521288e-04 1.00000000e+00]
  [0.00000000e+00 6.24514068e-04 1.00000000e+00]
  [0.00000000e+00 3.18222883e-04 1.00000000e+00]
  [0.00000000e+00 6.13961951e-04 1.00000000e+00]
  [0.00000000e+00 4.42193181e-04 1.00000000e+00]
  [0.00000000e+00 6.33943884e-04 1.00000000e+00]
  [0.00000000e+00 6.41340390e-04 1.00000000e+00]
  [0.00000000e+00 5.70397649e-04 1.00000000e+00]
  [0.00000000e+00 7.66300131e-04 1.00000000e+00]
  [0.00000000e+00 3.78995581e-04 1.00000000e+00]
  [0.00000000e+00 5.21414273e-04 1.00000000e+00]
  [0.00000000e+00 7.40429445e-04 1.00000000e+00]
  [0.00000000e+00 5.97162521e-04 1.00000000e+00]
  [0.00000000e+00 3.31053336e-04 1.00000000e+00]
  [0.00000000e+00 3.42279673e-04 1.00000000e+00]
  [0.00000000e+00 4.57885501e-04 1.00000000e+00]
  [0.00000000e+00 6.97011070e-04 1.00000000e+00]
  [0.00000000e+00 7.45670230e-04 1.00000000e+00]
  [0.00000000e+00 7.56444002e-04 1.00000000e+00]
  [0.00000000e+00 5.84448804e-04 1.00000000e+00]
  [0.00000000e+00 6.88627886e-04 1.00000000e+00]
  [0.00000000e+00 3.10023373e-04 1.00000000e+00]
  [0.00000000e+00 4.57474089e-04 1.00000000e+00]
  [0.00000000e+00 7.84666801e-04 1.00000000e+00]
  [0.00000000e+00 9.91859706e-04 1.00000000e+00]
  [0.00000000e+00 5.36371954e-04 1.00000000e+00]
  [0.00000000e+00 6.93467620e-04 1.00000000e+00]
  [0.00000000e+00 4.34858608e-04 1.00000000e+00]
  [0.00000000e+00 5.67241746e-04 1.00000000e+00]
  [0.00000000e+00 3.29461647e-04 1.00000000e+00]
  [0.00000000e+00 5.89446980e-04 1.00000000e+00]
  [0.00000000e+00 8.93370830e-04 1.00000000e+00]
  [0.00000000e+00 4.89777653e-04 1.00000000e+00]
  [0.00000000e+00 5.35279978e-04 1.00000000e+00]
  [0.00000000e+00 9.76380485e-04 1.00000000e+00]
  [0.00000000e+00 5.00340364e-04 1.00000000e+00]
  [0.00000000e+00 6.35081960e-04 1.00000000e+00]
  [0.00000000e+00 7.22179480e-04 1.00000000e+00]
  [0.00000000e+00 6.60167076e-04 1.00000000e+00]
  [0.00000000e+00 1.25740364e-04 1.00000000e+00]
  [0.00000000e+00 5.26767340e-04 1.00000000e+00]
  [0.00000000e+00 5.29700774e-04 1.00000000e+00]
  [0.00000000e+00 6.56342017e-04 1.00000000e+00]
  [0.00000000e+00 9.56141681e-04 1.00000000e+00]
  [0.00000000e+00 6.95648254e-04 1.00000000e+00]
  [0.00000000e+00 5.96730155e-04 1.00000000e+00]
  [0.00000000e+00 9.21672734e-04 1.00000000e+00]
  [0.00000000e+00 1.09587971e-03 1.00000000e+00]
  [0.00000000e+00 5.82675915e-04 1.00000000e+00]
  [0.00000000e+00 9.14582226e-04 1.00000000e+00]
  [0.00000000e+00 5.83003217e-04 1.00000000e+00]
  [0.00000000e+00 3.83356557e-04 1.00000000e+00]
  [0.00000000e+00 5.48560172e-04 1.00000000e+00]
  [0.00000000e+00 1.80088182e-03 1.00000000e+00]
  [0.00000000e+00 6.86911226e-04 1.00000000e+00]
  [0.00000000e+00 5.95507270e-04 1.00000000e+00]
  [0.00000000e+00 4.69262159e-04 1.00000000e+00]
  [0.00000000e+00 3.61396640e-04 1.00000000e+00]
  [0.00000000e+00 5.01981995e-04 1.00000000e+00]
  [0.00000000e+00 5.09931589e-04 1.00000000e+00]
  [0.00000000e+00 3.78522847e-04 1.00000000e+00]
  [0.00000000e+00 5.35194995e-04 1.00000000e+00]
  [0.00000000e+00 5.32406208e-04 1.00000000e+00]
  [0.00000000e+00 5.57624560e-04 1.00000000e+00]
  [0.00000000e+00 7.38638511e-04 1.00000000e+00]
  [0.00000000e+00 3.59643047e-04 1.00000000e+00]
  [0.00000000e+00 4.55601141e-04 1.00000000e+00]
  [0.00000000e+00 5.63941023e-04 1.00000000e+00]
  [0.00000000e+00 3.32337804e-04 1.00000000e+00]
  [0.00000000e+00 3.12620949e-04 1.00000000e+00]
  [0.00000000e+00 5.05905773e-04 1.00000000e+00]
  [0.00000000e+00 5.71203709e-04 1.00000000e+00]
  [0.00000000e+00 5.65979746e-04 1.00000000e+00]
  [0.00000000e+00 6.14800432e-04 1.00000000e+00]
  [0.00000000e+00 6.10014948e-04 1.00000000e+00]
  [0.00000000e+00 4.44293168e-04 1.00000000e+00]
  [0.00000000e+00 4.16617666e-04 1.00000000e+00]
  [0.00000000e+00 5.96682774e-04 1.00000000e+00]
  [0.00000000e+00 5.92794328e-04 1.00000000e+00]
  [0.00000000e+00 4.65385616e-04 1.00000000e+00]
  [0.00000000e+00 4.25984967e-04 1.00000000e+00]
  [0.00000000e+00 5.88590163e-04 1.00000000e+00]
  [0.00000000e+00 4.76163084e-04 1.00000000e+00]
  [0.00000000e+00 3.96659627e-04 1.00000000e+00]
  [0.00000000e+00 5.80524502e-04 1.00000000e+00]
  [0.00000000e+00 5.41536196e-04 1.00000000e+00]
  [0.00000000e+00 4.06200008e-04 1.00000000e+00]
  [0.00000000e+00 5.47270756e-04 1.00000000e+00]
  [0.00000000e+00 8.14696250e-04 1.00000000e+00]
  [0.00000000e+00 5.40134904e-04 1.00000000e+00]
  [0.00000000e+00 5.91258518e-04 1.00000000e+00]
  [0.00000000e+00 6.08811330e-04 1.00000000e+00]
  [0.00000000e+00 6.13344484e-04 1.00000000e+00]
  [0.00000000e+00 7.40584044e-04 1.00000000e+00]
  [0.00000000e+00 6.21751999e-04 1.00000000e+00]
  [0.00000000e+00 5.75957645e-04 1.00000000e+00]
  [0.00000000e+00 8.40923894e-05 1.00000000e+00]
  [0.00000000e+00 6.14019984e-04 1.00000000e+00]
  [0.00000000e+00 9.39692254e-04 1.00000000e+00]
  [0.00000000e+00 6.35247503e-04 1.00000000e+00]
  [0.00000000e+00 5.84144029e-04 1.00000000e+00]
  [0.00000000e+00 6.63164537e-04 1.00000000e+00]
  [0.00000000e+00 4.78926173e-04 1.00000000e+00]
  [0.00000000e+00 4.21511155e-04 1.00000000e+00]
  [0.00000000e+00 6.54907490e-04 1.00000000e+00]
  [0.00000000e+00 6.17433281e-04 1.00000000e+00]
  [0.00000000e+00 6.43176609e-04 1.00000000e+00]
  [0.00000000e+00 5.27924451e-04 1.00000000e+00]
  [0.00000000e+00 5.62316831e-03 1.00000000e+00]
  [0.00000000e+00 3.97153711e-03 1.00000000e+00]
  [0.00000000e+00 1.26388890e-03 1.00000000e+00]
  [0.00000000e+00 1.11520151e-03 1.00000000e+00]
  [0.00000000e+00 1.58077665e-03 1.00000000e+00]
  [0.00000000e+00 1.22872216e-03 1.00000000e+00]
  [0.00000000e+00 5.02919371e-04 1.00000000e+00]
  [0.00000000e+00 1.34226831e-03 1.00000000e+00]
  [0.00000000e+00 8.10010475e-04 1.00000000e+00]
  [0.00000000e+00 5.18586603e-04 1.00000000e+00]
  [0.00000000e+00 3.52737377e-04 1.00000000e+00]
  [0.00000000e+00 3.97153711e-03 1.00000000e+00]]]
The end of creat persistent diagram
45 45
porog 5.0980194428605645e-05
start draw_lines
start draw_lines
Объекты 1 входит в объект 23
Объекты 3 входит в объект 23
Объекты 4 входит в объект 23
Объекты 6 входит в объект 23
Объекты 7 входит в объект 23
Объекты 8 входит в объект 23
Объекты 9 входит в объект 23
Объекты 10 входит в объект 23
Объекты 11 входит в объект 23
Объекты 12 входит в объект 23
Объекты 13 входит в объект 23
Объекты 14 входит в объект 23
Объекты 15 входит в объект 23
Объекты 16 входит в объект 23
Объекты 17 входит в объект 23
Объекты 18 входит в объект 23
Объекты 19 входит в объект 23
Объекты 20 входит в объект 23
Объекты 21 входит в объект 23
Объекты 22 входит в объект 23
Объекты 24 входит в объект 23
Объекты 25 входит в объект 23
Объекты 26 входит в объект 23
Объекты 27 входит в объект 23
Объекты 28 входит в объект 23
Объекты 29 входит в объект 23
Объекты 30 входит в объект 23
Объекты 31 входит в объект 23
Объекты 23 и 32 пересекаются
Объекты 34 входит в объект 23
Объекты 35 входит в объект 23
Объекты 23 и 36 пересекаются
Объекты 37 входит в объект 23
Объекты 38 входит в объект 23
Объекты 39 входит в объект 23
Объекты 40 входит в объект 23
Объекты 41 входит в объект 23
Объекты 42 входит в объект 23
Объекты 43 входит в объект 23
Объекты 44 входит в объект 23
Объекты 45 входит в объект 23